Params compatibility check example, 

Running adaptiveDBFA & MADFBA funtions with same parameters


  Data from SlividansDAG.RData from adfba package (added to package MADFBA)
 
  all variables defined in SlividansDAG data file
  
  model: SlividansDAG (with defined lowbnd & uppbnd limits and objective function)
  
	
  		
  initial biomass: .1
  
  
  medium
1   EX_mnl(e)   54.8931778758536   
2   EX_nh4(e)   45.2328159645233   
3   EX_ala_L(e)   0.998950540724071   
4   EX_arg_L(e)   0.435701832990149   
5   EX_asn_L(e)   7.56896844042919e-08   
6   EX_asp_L(e)   1.59875945882593   
7   EX_cys_L(e)   0.0544738731749189   
8   EX_glu_L(e)   3.49690987351993   
9   EX_gln_L(e)   6.84251473364485e-08   
10   EX_gly(e)   0.79928703596392   
11   EX_his_L(e)   0.399599884502743   
12   EX_ile_L(e)   0.549272109631816   
13   EX_leu_L(e)   1.49801484445041   
14   EX_lys_L(e)   0.798970094713527   
15   EX_met_L(e)   0.399430610324611   
16   EX_phe_L(e)   0.599309885586295   
17   EX_pro_L(e)   1.99772433141378   
18   EX_ser_L(e)   0.951538161437964   
19   EX_thr_L(e)   0.449128061941056   
20   EX_trp_L(e)   4.89653139509035e-08   
21   EX_tyr_L(e)   0.399581873994836   
22   EX_val_L(e)   1.35727023079569   
23   EX_pyr(e)   1.14871229351897e-07   
24   EX_lac_L(e)   1.12271247333558e-07   
25   EX_akg(e)   6.94049221970822e-08   
26   EX_succ(e)   8.61534220139224e-08   
27   EX_dag(e)   0   


Dynamic Constraints (original format)

"Time" "Biomass_SLI[upp]" "EX_mnl(e)[low]" "SEC_DAG[low]" "SEC_DAG[upp]" "EX_ala_L(e)[low]" "EX_ala_L(e)[upp]"
"1" 1 0.00166666666666667 -0.248333333333333 0 0 0.1 10
"2" 2 0.00333333333333333 -0.496666666666667 0 0 0.2 10
"3" 3 0.005 -0.745 0 0 0.3 10
"4" 4 0.00666666666666667 -0.993333333333333 0 0 0.4 10
"5" 5 0.00833333333333333 -1.24166666666667 0 0 0.5 10
"6" 6 0.01 -1.49 0 0 0.6 10
"7" 7 0.018 -1.49 4.1e-07 4.1e-07 0.6 10
"8" 8 0.026 -1.49 8.2e-07 8.2e-07 0.6 10
"9" 9 0.034 -1.49 1.23e-06 1.23e-06 0.6 10
"10" 10 0.042 -1.49 1.64e-06 1.64e-06 0.6 10
"11" 11 0.05 -1.49 2.05e-06 2.05e-06 0.6 10
"12" 12 0.058 -1.49 2.46e-06 2.46e-06 0.6 10
"13" 13 0.066 -1.49 2.87e-06 2.87e-06 0.6 10
"14" 14 0.074 -1.49 3.28e-06 3.28e-06 0.6 10
"15" 15 0.082 -1.49 3.69e-06 3.69e-06 0.6 10
"16" 16 0.09 -1.49 4.1e-06 4.1e-06 0.6 10
"17" 17 0.09 -1.49 2.64625e-05 2.64625e-05 0.6 10
"18" 18 0.09 -1.49 4.8825e-05 4.8825e-05 0.6 10
"19" 19 0.09 -1.49 7.11875e-05 7.11875e-05 0.6 10
"20" 20 0.09 -1.49 9.355e-05 9.355e-05 0.6 10
"21" 21 0.09 -1.49 0.0001159125 0.0001159125 0.6 10
"22" 22 0.09 -1.49 0.000138275 0.000138275 0.6 10
"23" 23 0.09 -1.49 0.0001606375 0.0001606375 0.6 10
"24" 24 0.09 -1.49 0.000183 0.000183 0.6 10
"25" 25 0.09 -1.49 0.0001825 0.0001825 0.6 10
"26" 26 0.09 -1.49 0.000182 0.000182 0.6 10
"27" 27 0.09 -1.49 0.0001815 0.0001815 0.6 10
"28" 28 0.09 -1.49 0.000181 0.000181 0.6 10
"29" 29 0.09 -1.49 0.0001805 0.0001805 0.6 10
"30" 30 0.09 -1.49 0.00018 0.00018 0.6 10
"31" 31 0.09 -1.49 0.000175 0.000175 0.6 10
"32" 32 0.09 -1.49 0.00017 0.00017 0.6 10
"33" 33 0.09 -1.49 0.000165 0.000165 0.6 10
"34" 34 0.09 -1.49 0.00016 0.00016 0.6 10
"35" 35 0.09 -1.49 0.000155 0.000155 0.6 10
"36" 36 0.09 -1.49 0.00015 0.00015 0.6 10
"37" 37 0.0866666666666667 -1.4075 0.00014975 0.00014975 0.531666666666667 10
"38" 38 0.0833333333333333 -1.325 0.0001495 0.0001495 0.463333333333333 10
"39" 39 0.08 -1.2425 0.00014925 0.00014925 0.395 10
"40" 40 0.0766666666666667 -1.16 0.000149 0.000149 0.326666666666667 10
"41" 41 0.0733333333333333 -1.0775 0.00014875 0.00014875 0.258333333333333 10
"42" 42 0.07 -0.995 0.0001485 0.0001485 0.19 10
"43" 43 0.0666666666666667 -0.9125 0.00014825 0.00014825 0.121666666666667 10
"44" 44 0.0633333333333333 -0.83 0.000148 0.000148 0.0533333333333333 10
"45" 45 0.06 -0.7475 0.00014775 0.00014775 -0.015 10
"46" 46 0.0566666666666667 -0.665 0.0001475 0.0001475 -0.0833333333333334 10
"47" 47 0.0533333333333333 -0.5825 0.00014725 0.00014725 -0.151666666666667 10
"48" 48 0.05 -0.5 0.000147 0.000147 -0.22 10
"49" 49 0.0459166666666667 -0.47075 0.0001555 0.0001555 -0.210833333333333 10
"50" 50 0.0418333333333333 -0.4415 0.000164 0.000164 -0.201666666666667 10
"51" 51 0.03775 -0.41225 0.0001725 0.0001725 -0.1925 10
"52" 52 0.0336666666666667 -0.383 0.000181 0.000181 -0.183333333333333 10
"53" 53 0.0295833333333333 -0.35375 0.0001895 0.0001895 -0.174166666666667 10
"54" 54 0.0255 -0.3245 0.000198 0.000198 -0.165 10
"55" 55 0.0214166666666667 -0.29525 0.0002065 0.0002065 -0.155833333333333 10
"56" 56 0.0173333333333333 -0.266 0.000215 0.000215 -0.146666666666667 10
"57" 57 0.01325 -0.23675 0.0002235 0.0002235 -0.1375 10
"58" 58 0.00916666666666666 -0.2075 0.000232 0.000232 -0.128333333333333 10
"59" 59 0.00508333333333334 -0.17825 0.0002405 0.0002405 -0.119166666666667 10
"60" 60 0.001 -0.149 0.000249 0.000249 -0.11 10
"61" 61 0.001 -0.149 0.000249 0.000249 -0.11 10
"62" 62 0.001 -0.149 0.000249 0.000249 -0.11 10
"63" 63 0.001 -0.149 0.000249 0.000249 -0.11 10
"64" 64 0.001 -0.149 0.000249 0.000249 -0.11 10
"65" 65 0.001 -0.149 0.000249 0.000249 -0.11 10
"66" 66 0.001 -0.149 0.000249 0.000249 -0.11 10
"67" 67 0.001 -0.149 0.000249 0.000249 -0.11 10
"68" 68 0.001 -0.149 0.000249 0.000249 -0.11 10
"69" 69 0.001 -0.149 0.000249 0.000249 -0.11 10
"70" 70 0.001 -0.149 0.000249 0.000249 -0.11 10
